749231 200
19759607 200
19943132 200
42240 200
13648869 200
1004682 200
10119626 200
27869122 200
210538 200
206648 200
16583359 200
28965544 200
28965545 200
13720754 200
14295344 200
12319511 200
14295338 200
11360891 200
12699624 200
7161537 200
872597 200
6606519 200
4969981 200
754268 200
2360673 200
5708937 200
30536619 200
18617699 200
5321360 200
3612412 200
9899865 200
12704298 200
8112856 200
8134820 200
30484316 200
34666874 200
30691837 200
5604408 200
8230827 200
34617397 200
14295339 200
9209878 200
8832031 200
8830265 200
8829896 200
8830259 200
7587466 200
8092430 200
36818223 200
19404519 200
9899878 200
6530841 200
4642437 200
8821533 200
